0 0 0 0 0 0 0 0
1 0 0 0 0 0 0 0 1st 0x80
0 1 0 0 0 0 0 0 2nd 0x40
0 0 1 0 0 0 0 0 3rd 0x20
0 0 0 1 0 0 0 0 4th 0x10
0 0 0 0 1 0 0 0 5th 0x08
0 0 0 0 0 1 0 0 6th 0x04
0 0 0 0 0 0 1 0 7th 0x02
0 0 0 0 0 0 0 1 8th 0x00

0 1 1 1 1 1 1 1 1st 0x7f
1 0 1 1 1 1 1 1 2nd 0xbf
1 1 0 1 1 1 1 1 3rd 0xdf
1 1 1 0 1 1 1 1 4th 0xef
1 1 1 1 0 1 1 1 5th 0xf7
1 1 1 1 1 0 1 1 6th 0xfb
1 1 1 1 1 1 0 1 7th 0xfd
1 1 1 1 1 1 1 0 8th 0xfe

00000110  0x06 1
01011011  0x5b 2
01001111  0x4f 3
01100110  0x66 4
01101101  0x6d 5
01111101  0x7d 6
00000111  0x07 7
01111111  0x7f 8